<?xml version="1.0"?>
<opencv_storage>
<calibration_Time>"07/22/13 00:55:01"</calibration_Time>
<nrOfFrames>23</nrOfFrames>
<image_Width>1088</image_Width>
<image_Height>1920</image_Height>
<board_Width>7</board_Width>
<board_Height>5</board_Height>
<square_Size>50.</square_Size>
<FixAspectRatio>1.</FixAspectRatio>
<!-- flags:  +fix_aspectRatio +fix_principal_point +zero_tangent_dist -->
<flagValue>14</flagValue>
<Camera_Matrix type_id="opencv-matrix">
  <rows>3</rows>
  <cols>3</cols>
  <dt>d</dt>
  <data>
    1.8440518440011670e+003 0. 5.4350000000000000e+002 0.
    1.8440518440011670e+003 9.5950000000000000e+002 0. 0. 1.</data></Camera_Matrix>
<Distortion_Coefficients type_id="opencv-matrix">
  <rows>5</rows>
  <cols>1</cols>
  <dt>d</dt>
  <data>
    1.4780719130951819e-001 4.3304946545404283e-001 0. 0.
    -2.7445360720878771e+000</data></Distortion_Coefficients>
<Avg_Reprojection_Error>2.0294074215600233e+000</Avg_Reprojection_Error>
<Per_View_Reprojection_Errors type_id="opencv-matrix">
  <rows>23</rows>
  <cols>1</cols>
  <dt>f</dt>
  <data>
    8.91141832e-001 9.01648819e-001 1.33597946e+000 1.05946660e+000
    1.20104170e+000 1.05466592e+000 7.13809073e-001 1.33743250e+000
    1.28268456e+000 1.19573879e+000 1.83829153e+000 1.94691420e+000
    1.79612494e+000 5.30071926e+000 2.94698429e+000 2.95370626e+000
    2.60310578e+000 2.64507389e+000 2.97991180e+000 1.16619933e+000
    1.20662367e+000 6.93992972e-001 6.55896425e-001</data></Per_View_Reprojection_Errors>
<!-- a set of 6-tuples (rotation vector + translation vector) for each view -->
<Extrinsic_Parameters type_id="opencv-matrix">
  <rows>23</rows>
  <cols>6</cols>
  <dt>d</dt>
  <data>
    1.0534971784142230e-001 -8.7525087492401496e-002
    -1.5576761133636612e+000 -7.3360722687046362e+001
    1.9098595283785471e+002 4.9496369121730197e+002
    1.0126646119037813e-001 -8.6473285842254111e-002
    -1.5641097713818182e+000 -7.4609773301411551e+001
    1.8871960784698612e+002 4.9254506951991374e+002
    8.3318281673190123e-002 -5.0508107135846525e-002
    -1.5519159886971472e+000 -9.6130821154777976e+001
    1.4170261431423839e+002 5.0641623251632814e+002
    1.2826254902555839e-001 8.9276825338093016e-003
    -1.5563800449615885e+000 -9.9180353478249458e+001
    1.1919544389085488e+002 5.2792211059573219e+002
    1.1280340923209081e-001 -5.1883762704600989e-002
    -1.5593329980400650e+000 -1.0545151943489373e+002
    1.7508012747185327e+002 6.1623261600578996e+002
    1.0104375868520128e-001 -4.1213849620660055e-002
    -1.5602175798154356e+000 -1.0689032986630431e+002
    1.6782127029729276e+002 7.0807572814089576e+002
    7.9968704129797008e-002 -4.4089876921848813e-002
    -1.5534241308020043e+000 -9.8865226687293884e+001
    1.7466750338046970e+002 6.9744328373204507e+002
    2.4581970767913322e-001 8.6009546369193557e-002
    -1.5151116911656148e+000 -9.9905633015086906e+001
    1.1487021997648925e+002 7.0339337363867890e+002
    3.7322670984785183e-001 1.7367891733753490e-001
    -1.5204404553732980e+000 -1.1742921587481031e+002
    1.8716500214606316e+002 7.0432071186905637e+002
    2.3265680704013733e-001 8.7883300372284132e-002
    -1.5432776296229074e+000 -8.8822713345267402e+001
    2.3636006227997947e+002 6.7397320981119856e+002
    -2.5563117065447161e-001 -4.8984352871696191e-001
    -1.5905080333217176e+000 -7.4021374091263212e+001
    5.5339027064843272e+001 5.9983251336210833e+002
    -2.6348238468689822e-001 -4.9038733930854139e-001
    -1.5509124614284850e+000 -9.6402278452004722e+001
    3.9939600260843453e+000 5.7694079358951126e+002
    -2.2289820314555933e-001 -4.3968214714316578e-001
    -1.5758396915731916e+000 -1.0203395128100155e+002
    1.1476764486742143e+001 5.8137302349557797e+002
    4.9499946478820878e-001 -5.0879593448148619e-001
    -1.4957569959588102e+000 -8.1327587706938360e+001
    1.6907390880570512e+002 4.6935479920991190e+002
    7.0090497880584723e-001 -7.3922483443635412e-001
    -1.4237130313754778e+000 -2.4323388142267689e+001
    1.7676932520279055e+002 4.5002862023114824e+002
    7.3323040645324034e-001 -7.8850160863717977e-001
    -1.4355071154613437e+000 2.5668275463829715e+001
    1.3907208526477726e+002 4.8775557398680706e+002
    7.3910007790871124e-001 -8.0762447803821658e-001
    -1.3843428339251074e+000 -4.8964826345469614e+000
    1.5433886447586826e+002 5.2169753048619111e+002
    7.4066234137503373e-001 -8.0479525146442055e-001
    -1.3788994550360976e+000 2.6595143269139152e+000
    1.5357401004725014e+002 5.3280035967667084e+002
    6.8389273379403914e-001 -7.5074714899142758e-001
    -1.3983501023608422e+000 2.4420006596738080e+001
    1.5576526256682968e+002 4.6403625489018941e+002
    1.6616421730184780e-002 -5.2315117134658223e-002
    -1.5410974301614935e+000 -1.1306118770782949e+002
    1.6215586793751791e+002 7.2327111929039836e+002
    -9.8888353073947638e-002 -3.4292090598562600e-002
    -2.6878111141823272e-002 -1.4780017973676379e+002
    -6.6279041462054650e+001 8.0418081159869212e+002
    -6.4875161372334317e-002 -5.2799862324071599e-002
    2.1032031116374049e-002 -1.4548278845906259e+002
    -6.8669233109308408e+001 7.9800601006555223e+002
    -7.5602421772707137e-002 -4.9360706186800697e-002
    1.5895428856446243e-002 -1.4010669120137203e+002
    -7.6632208424910061e+001 7.9594824709441400e+002</data></Extrinsic_Parameters>
