<?xml version="1.0"?>
<opencv_storage>
<calibration_Time>"03/07/14 17:40:05"</calibration_Time>
<nrOfFrames>25</nrOfFrames>
<image_Width>640</image_Width>
<image_Height>480</image_Height>
<board_Width>7</board_Width>
<board_Height>5</board_Height>
<square_Size>50.</square_Size>
<FixAspectRatio>1.</FixAspectRatio>
<!-- flags:  +fix_aspectRatio +fix_principal_point +zero_tangent_dist -->
<flagValue>14</flagValue>
<Camera_Matrix type_id="opencv-matrix">
  <rows>3</rows>
  <cols>3</cols>
  <dt>d</dt>
  <data>
    6.3984448044637395e+002 0. 3.1950000000000000e+002 0.
    6.3984448044637395e+002 2.3950000000000000e+002 0. 0. 1.</data></Camera_Matrix>
<Distortion_Coefficients type_id="opencv-matrix">
  <rows>5</rows>
  <cols>1</cols>
  <dt>d</dt>
  <data>
    2.0174231450146213e-001 -1.3481975181588073e+000 0. 0.
    2.6238791655858100e+000</data></Distortion_Coefficients>
<Avg_Reprojection_Error>5.1654506825141300e-001</Avg_Reprojection_Error>
<Per_View_Reprojection_Errors type_id="opencv-matrix">
  <rows>25</rows>
  <cols>1</cols>
  <dt>f</dt>
  <data>
    2.68502533e-001 3.64275545e-001 3.20250094e-001 3.61329734e-001
    4.65980709e-001 4.22529340e-001 3.26658338e-001 4.48644221e-001
    5.28557777e-001 7.29640424e-001 4.16545272e-001 5.37343681e-001
    4.93283421e-001 6.82945967e-001 6.68921769e-001 6.40352070e-001
    6.28819644e-001 6.88860118e-001 5.71104109e-001 6.65235519e-001
    4.53388244e-001 4.42093074e-001 4.08849955e-001 4.66825783e-001
    5.12761593e-001</data></Per_View_Reprojection_Errors>
<!-- a set of 6-tuples (rotation vector + translation vector) for each view -->
<Extrinsic_Parameters type_id="opencv-matrix">
  <rows>25</rows>
  <cols>6</cols>
  <dt>d</dt>
  <data>
    2.8683371674323523e-002 7.3898565978428171e-002
    7.5161687594161211e-002 -1.4384634501346213e+002
    -9.5689598419679243e+001 5.4887162342454224e+002
    2.0597863650164777e-002 7.0987140390522896e-002
    3.0824283750122930e-002 -1.3472794192529582e+002
    -9.1018426228032908e+001 5.3333882308391128e+002
    1.2830828316822744e-002 7.4676609215466747e-002
    1.0490496170033703e-002 -1.4608934368425798e+002
    -9.1449837704096495e+001 5.2783796638303511e+002
    1.3892244063929539e-002 4.6136813792627206e-002
    -7.7484081462165632e-003 -1.6385614864461846e+002
    -9.0468409387774059e+001 5.3014007132010408e+002
    5.3526398124938201e-001 4.3322902878723014e-002
    -1.0746158598531541e-002 -1.7805348603133086e+002
    2.3708671074442460e+001 6.8593176953130137e+002
    3.3108632049071057e-001 9.1643329869643630e-002
    -4.6916492354263810e-002 -1.7176031165912087e+002
    5.7531613976357768e+001 6.6666786710478630e+002
    8.9881530462855810e-002 1.1940935107759967e-001
    -3.2999169817161882e-002 -1.3400833315706623e+002
    -7.7186089175177443e+001 5.8033035110518892e+002
    3.7891196289755263e-002 3.9755482291259064e-001
    2.2763086463437603e-002 -3.4187100423808181e+002
    -8.3918938842296100e+001 7.5758374190684958e+002
    7.3930838808379071e-002 1.6518998459652195e-001
    -1.0992970429969026e-001 -1.7509085757055644e+002
    -5.6826963560385508e+001 7.2052646453259786e+002
    -4.6831190107545710e-002 -4.1307242464019106e-001
    -2.5310012767244108e-002 -2.5673055087660894e+000
    -1.0021924969111538e+002 5.1237658742553720e+002
    2.3817130587399607e-002 -1.4509516622821181e-001
    -1.0997779672882969e-002 -1.5128282724382947e+002
    -8.6863057705956962e+001 4.9981170659912357e+002
    3.5230959762371755e-002 -1.4802086602841166e-001
    6.5102020296527990e-003 -1.3026454179439730e+002
    -1.1966920611876289e+002 4.2168233138985414e+002
    -1.2260291045316149e-001 -1.0871262054730790e-001
    -4.3027917507009808e-002 -1.2120317410433033e+002
    -9.8054149730916251e+001 5.0682086490823139e+002
    -5.0965468005292069e-001 -1.8779752450894277e-001
    -7.1583477661743625e-002 -1.6368235830580841e+002
    -9.4050805020183006e+001 5.6534169194226763e+002
    -5.0358034823456732e-001 -1.9572178828732689e-001
    -7.2840978060180792e-002 -1.6354872335061387e+002
    -1.1159475961272710e+002 5.2526515522673742e+002
    1.0368503328000399e-001 -1.5485012691563113e-001
    -1.6537718881116652e-002 -1.2379709866309209e+002
    -4.8859693989263008e+001 5.2215240772829270e+002
    3.5748847911454834e-001 -1.5057078088761400e-001
    4.9389971234980054e-002 -1.3060662210632958e+002
    -5.7565092868726936e+001 4.2940262438037968e+002
    2.1550686357052190e-001 -1.7715174469569342e-001
    6.4044420425837051e-002 -1.1212073057357979e+002
    -3.7379486970909134e+001 4.5684795290787116e+002
    -2.5470935761629071e-001 -4.5031026119163076e-001
    9.2636696628020015e-002 -3.4596847929510581e+001
    -9.7420331974145540e+001 6.2717257639803927e+002
    -2.8816505838375578e-001 -6.5477578590826035e-001
    3.8885913330185656e-001 6.2613629678138217e+001
    -1.4202824147743095e+002 6.3171654138259896e+002
    -5.9244560777478764e-002 -2.1040945290579491e-001
    4.2002245091459139e-002 -7.4245633206961500e+001
    -6.7142529187636143e+001 6.7490715330301782e+002
    -2.0422543316505545e-001 3.0136748153319121e-001
    4.2314583412392158e-002 -1.2256485907562300e+002
    -1.2436255518512233e+002 7.1065688767734900e+002
    -1.3603194535484167e-001 4.2591754274205934e-001
    -2.1346278743641553e-001 -1.9406452184466278e+002
    -6.6757219599694452e+001 7.0572182060532850e+002
    -2.1073099626850417e-001 2.0242269259060316e-001
    -6.1855671868252214e-002 -2.4771163702730354e+002
    -6.5073645861671920e+001 7.4856574527925420e+002
    -1.4956758399714973e-001 -4.3679783779443132e-001
    9.3369673021448385e-002 1.3421139325073456e+001
    -1.5944431668053508e+002 5.9879167338167929e+002</data></Extrinsic_Parameters>
