<?xml version="1.0"?>
<opencv_storage>
<images>
    images2/xx00001.png
	images2/xx00002.png
	images2/xx00003.png
	images2/xx00004.png
	images2/xx00005.png
	images2/xx00006.png
	images2/xx00007.png
	images2/xx00008.png
	images2/xx00009.png
	images2/xx00010.png
	images2/xx00011.png
	images2/xx00012.png
	images2/xx00013.png
	images2/xx00014.png
	images2/xx00015.png
	images2/xx00016.png
	images2/xx00017.png
	images2/xx00018.png
	images2/xx00019.png
	images2/xx00020.png
	images2/xx00021.png
	images2/xx00022.png
	images2/xx00023.png
	images2/xx00024.png
	images2/xx00025.png
	images2/xx00026.png
	images2/xx00027.png
	images2/xx00028.png
	images2/xx00029.png
	images2/xx00030.png 
</images>
</opencv_storage>